7450-697200
OS REV: 1.05 Sensor Cal: 1618508223
Time (sec),  BV (Volts),  T (deg C),  DO (mg/l),  Q ()
1736973720,+3.16,+24.167, +0.748,+0.944
1736974320,+3.16,+24.175, +0.729,+0.944
1736974920,+3.16,+24.125, +1.358,+0.949
1736975520,+3.17,+24.092, +1.508,+0.950
1736976120,+3.16,+24.050, +1.583,+0.950
1736976720,+3.17,+24.033, +1.619,+0.951
1736977320,+3.17,+23.991, +1.613,+0.951
1736977920,+3.17,+23.966, +1.489,+0.950
1736978520,+3.17,+23.924, +1.271,+0.949
1736979120,+3.17,+23.899, +1.560,+0.950
1736979720,+3.17,+23.882, +1.445,+0.950
1736980320,+3.17,+23.857, +1.393,+0.949
1736980920,+3.17,+23.815, +1.258,+0.949
1736981520,+3.17,+23.815, +1.422,+0.949
1736982120,+3.17,+23.765, +1.432,+0.949
1736982720,+3.17,+23.748, +1.447,+0.950
1736983320,+3.17,+23.698, +1.173,+0.948
1736983920,+3.17,+23.698, +0.965,+0.946
1736984520,+3.17,+23.681, +1.018,+0.947
1736985120,+3.17,+23.673, +0.894,+0.945
1736985720,+3.17,+23.664, +0.720,+0.943
1736986320,+3.17,+23.656, +0.711,+0.943
1736986920,+3.17,+23.656, +0.707,+0.943
1736987520,+3.17,+23.639, +0.576,+0.941
1736988120,+3.17,+23.647, +0.432,+0.938
1736988720,+3.17,+23.622, +0.534,+0.941
1736989320,+3.17,+23.580, +0.475,+0.939
1736989920,+3.17,+23.555, +0.543,+0.941
1736990520,+3.17,+23.530, +0.393,+0.938
1736991120,+3.17,+23.530, +0.378,+0.938
1736991720,+3.17,+23.505, +0.269,+0.935
1736992320,+3.17,+23.497, +0.246,+0.935
1736992920,+3.17,+23.463, +0.224,+0.934
1736993520,+3.17,+23.463, +0.161,+0.933
1736994120,+3.17,+23.446, +0.131,+0.932
1736994720,+3.17,+23.430, +0.112,+0.932
1736995320,+3.17,+23.396, +0.116,+0.932
1736995920,+3.17,+23.413, +0.125,+0.932
1736996520,+3.17,+23.379, +0.068,+0.931
1736997120,+3.17,+23.371, +0.081,+0.931
1736997720,+3.17,+23.346, +0.097,+0.932
1736998320,+3.17,+23.346, +0.112,+0.932
1736998920,+3.17,+23.312, +0.083,+0.931
1736999520,+3.17,+23.321, +0.134,+0.933
1737000120,+3.17,+23.304, +0.267,+0.936
1737000720,+3.17,+23.279, +0.197,+0.934
1737001320,+3.17,+23.262, +0.185,+0.934
1737001920,+3.17,+23.262, +0.224,+0.935
1737002520,+3.17,+23.245, +0.198,+0.934
1737003120,+3.17,+23.220, +0.093,+0.932
1737003720,+3.17,+23.220, +0.069,+0.931
1737004320,+3.17,+23.204, +0.070,+0.931
1737004920,+3.17,+23.204, +0.061,+0.931
1737005520,+3.17,+23.187, +0.064,+0.931
1737006120,+3.17,+23.178, +0.054,+0.931
1737006720,+3.17,+23.137, +0.055,+0.931
1737007320,+3.17,+23.170, +0.055,+0.931
1737007920,+3.17,+23.137, +0.053,+0.931
1737008520,+3.17,+23.137, +0.059,+0.931
1737009120,+3.17,+23.103, +0.054,+0.931
1737009720,+3.17,+23.095, +0.054,+0.931
1737010320,+3.17,+23.086, +0.053,+0.931
1737010920,+3.17,+23.086, +0.053,+0.931
1737011520,+3.17,+23.053, +0.054,+0.931
1737012120,+3.17,+23.019, +0.055,+0.931
1737012720,+3.17,+23.019, +0.054,+0.931
1737013320,+3.17,+23.011, +0.062,+0.931
1737013920,+3.17,+23.019, +0.053,+0.931
1737014520,+3.17,+22.986, +0.057,+0.931
1737015120,+3.17,+22.961, +0.055,+0.931
1737015720,+3.17,+22.936, +0.053,+0.931
1737016320,+3.17,+22.919, +0.058,+0.931
1737016920,+3.17,+22.927, +0.053,+0.931
1737017520,+3.17,+22.894, +0.056,+0.931
1737018120,+3.17,+22.886, +0.055,+0.931
1737018720,+3.17,+22.869, +0.056,+0.931
1737019320,+3.17,+22.852, +0.057,+0.931
1737019920,+3.17,+22.819, +0.054,+0.931
1737020520,+3.17,+22.810, +0.054,+0.931
1737021120,+3.17,+22.785, +0.073,+0.931
1737021720,+3.17,+22.777, +0.059,+0.931
1737022320,+3.17,+22.769, +0.054,+0.931
1737022920,+3.17,+22.760, +0.054,+0.931
1737023520,+3.17,+22.735, +0.054,+0.931
1737024120,+3.17,+22.702, +0.054,+0.931
1737024720,+3.17,+22.677, +0.065,+0.931
1737025320,+3.17,+22.668, +0.054,+0.931
1737025920,+3.17,+22.677, +0.055,+0.931
1737026520,+3.17,+22.677, +0.054,+0.931
1737027120,+3.17,+22.651, +0.054,+0.931
1737027720,+3.17,+22.668, +0.055,+0.931
1737028320,+3.17,+22.702, +0.054,+0.931
1737028920,+3.17,+22.710, +0.054,+0.931
1737029520,+3.17,+22.685, +0.054,+0.931
1737030120,+3.17,+22.718, +0.053,+0.931
1737030720,+3.17,+22.743, +0.053,+0.931
1737031320,+3.17,+22.727, +0.054,+0.931
1737031920,+3.17,+22.752, +0.054,+0.931
1737032520,+3.17,+22.802, +0.053,+0.931
1737033120,+3.17,+22.827, +0.053,+0.931
1737033720,+3.17,+22.869, +0.053,+0.931
1737034320,+3.17,+22.919, +0.054,+0.931
1737034920,+3.17,+22.986, +0.054,+0.931
1737035520,+3.17,+23.061, +0.053,+0.931
1737036120,+3.17,+23.095, +0.063,+0.931
1737036720,+3.17,+23.137, +0.146,+0.933
1737037320,+3.17,+23.262, +0.125,+0.933
1737037920,+3.17,+23.371, +0.183,+0.934
1737038520,+3.17,+23.430, +0.082,+0.932
1737039120,+3.17,+23.564, +0.105,+0.932
1737039720,+3.17,+23.706, +0.222,+0.935
1737040320,+3.17,+23.731, +0.128,+0.933
1737040920,+3.17,+23.798, +0.102,+0.932
1737041520,+3.17,+23.974, +0.630,+0.943
1737042120,+3.17,+23.932, +0.466,+0.940
1737042720,+3.17,+24.058, +0.552,+0.942
1737043320,+3.16,+24.108, +0.711,+0.944
1737043920,+3.16,+24.184, +0.552,+0.941
1737044520,+3.16,+24.251, +0.460,+0.940
1737045120,+3.17,+24.377, +0.375,+0.938
1737045720,+3.17,+24.494, +0.797,+0.945
1737046320,+3.17,+24.603, +0.484,+0.940
1737046920,+3.17,+24.696, +0.450,+0.940
1737047520,+3.17,+24.788, +0.632,+0.942
1737048120,+3.17,+24.864, +0.555,+0.942
1737048720,+3.16,+24.956, +1.147,+0.949
1737049320,+3.16,+25.024, +0.872,+0.946
1737049920,+3.16,+25.066, +0.573,+0.942
1737050520,+3.16,+25.133, +0.569,+0.942
1737051120,+3.16,+25.183, +0.725,+0.943
1737051720,+3.16,+25.242, +1.033,+0.946
1737052320,+3.16,+25.234, +0.715,+0.944
1737052920,+3.16,+25.251, +0.839,+0.945
1737053520,+3.16,+25.242, +1.008,+0.948
1737054120,+3.16,+25.276, +0.765,+0.945
1737054720,+3.16,+25.293, +0.790,+0.945
1737055320,+3.16,+25.276, +0.736,+0.945
1737055920,+3.16,+25.268, +0.579,+0.942
1737056520,+3.16,+25.268, +0.625,+0.943
1737057120,+3.16,+25.293, +0.802,+0.946
1737057720,+3.16,+25.209, +0.868,+0.946
1737058320,+3.16,+25.150, +0.487,+0.941
1737058920,+3.16,+25.125, +0.259,+0.936
1737059520,+3.16,+25.040, +0.267,+0.936
1737060120,+3.16,+24.998, +0.071,+0.931
