7450-988987
OS REV: 1.05 Sensor Cal: 1620327161
Time (sec),  BV (Volts),  T (deg C),  DO (mg/l),  Q ()
1737133440,+2.91,+24.871, +0.944,+0.891
1737134040,+2.92,+24.838, +0.581,+0.886
1737134640,+2.91,+24.871, +0.378,+0.882
1737135240,+2.91,+24.922, +0.404,+0.883
1737135840,+2.91,+24.981, +0.559,+0.886
1737136440,+2.91,+25.098, +1.088,+0.893
1737137040,+2.91,+25.082, +0.855,+0.891
1737137640,+2.91,+25.082, +0.625,+0.888
1737138240,+2.91,+25.124, +0.642,+0.888
1737138840,+2.91,+25.174, +0.811,+0.891
1737139440,+2.91,+25.182, +0.785,+0.890
1737140040,+2.91,+25.376, +1.267,+0.894
1737140640,+2.91,+25.334, +1.443,+0.895
1737141240,+2.92,+25.435, +1.708,+0.896
1737141840,+2.91,+25.376, +1.520,+0.895
1737142440,+2.91,+25.267, +1.076,+0.893
1737143040,+2.91,+25.292, +1.149,+0.894
1737143640,+2.91,+25.241, +0.772,+0.890
1737144240,+2.91,+25.250, +0.691,+0.889
1737144840,+2.91,+25.216, +0.560,+0.886
1737145440,+2.91,+25.241, +0.625,+0.887
1737146040,+2.91,+25.241, +0.775,+0.890
1737146640,+2.91,+25.208, +0.660,+0.888
1737147240,+2.91,+25.182, +0.547,+0.886
1737147840,+2.91,+25.182, +0.491,+0.885
1737148440,+2.91,+25.166, +0.479,+0.885
1737149040,+2.91,+25.115, +0.454,+0.884
1737149640,+2.91,+25.073, +0.433,+0.884
1737150240,+2.91,+25.039, +0.577,+0.887
1737150840,+2.91,+25.023, +0.605,+0.887
1737151440,+2.91,+25.006, +0.620,+0.888
1737152040,+2.91,+24.964, +0.520,+0.886
1737152640,+2.91,+24.922, +0.537,+0.886
1737153240,+2.91,+24.888, +0.457,+0.884
1737153840,+2.91,+24.871, +0.419,+0.884
1737154440,+2.92,+24.804, +0.527,+0.886
1737155040,+2.92,+24.804, +0.660,+0.889
1737155640,+2.92,+24.754, +0.437,+0.884
1737156240,+2.92,+24.729, +0.613,+0.888
1737156840,+2.92,+24.687, +0.567,+0.887
1737157440,+2.92,+24.653, +0.524,+0.886
1737158040,+2.92,+24.619, +0.372,+0.883
1737158640,+2.92,+24.586, +0.607,+0.888
1737159240,+2.92,+24.544, +0.663,+0.889
1737159840,+2.92,+24.535, +0.709,+0.889
1737160440,+2.92,+24.519, +0.737,+0.890
1737161040,+2.92,+24.527, +0.709,+0.889
1737161640,+2.92,+24.468, +0.650,+0.888
1737162240,+2.92,+24.485, +0.462,+0.884
1737162840,+2.92,+24.443, +0.314,+0.881
1737163440,+2.92,+24.401, +0.615,+0.888
1737164040,+2.92,+24.401, +0.522,+0.886
1737164640,+2.92,+24.376, +0.458,+0.885
1737165240,+2.92,+24.359, +0.657,+0.889
1737165840,+2.91,+24.309, +0.727,+0.890
1737166440,+2.91,+24.309, +0.728,+0.890
1737167040,+2.91,+24.275, +0.721,+0.889
1737167640,+2.91,+24.259, +0.737,+0.890
1737168240,+2.91,+24.250, +0.743,+0.890
1737168840,+2.91,+24.225, +0.843,+0.891
1737169440,+2.91,+24.217, +0.781,+0.890
1737170040,+2.91,+24.191, +0.784,+0.890
1737170640,+2.91,+24.175, +0.680,+0.889
1737171240,+2.91,+24.200, +0.707,+0.889
1737171840,+2.91,+24.191, +0.658,+0.888
1737172440,+2.91,+24.175, +0.697,+0.889
1737173040,+2.91,+24.166, +0.697,+0.889
1737173640,+2.91,+24.191, +0.770,+0.890
1737174240,+2.91,+24.166, +1.406,+0.895
1737174840,+2.91,+24.124, +2.044,+0.898
1737175440,+2.91,+24.124, +2.031,+0.898
1737176040,+2.91,+24.116, +1.812,+0.897
1737176640,+2.91,+24.108, +1.729,+0.897
1737177240,+2.91,+24.066, +1.761,+0.897
1737177840,+2.91,+24.057, +1.894,+0.897
1737178440,+2.91,+24.066, +1.885,+0.897
1737179040,+2.91,+24.040, +1.905,+0.897
1737179640,+2.91,+24.040, +1.908,+0.897
1737180240,+2.91,+24.024, +1.957,+0.897
1737180840,+2.91,+24.007, +2.077,+0.897
1737181440,+2.91,+23.990, +2.003,+0.897
1737182040,+2.92,+23.965, +1.898,+0.897
1737182640,+2.92,+23.957, +1.741,+0.896
1737183240,+2.91,+23.957, +1.431,+0.895
1737183840,+2.92,+23.940, +1.283,+0.894
1737184440,+2.92,+23.940, +1.261,+0.894
1737185040,+2.92,+23.915, +1.217,+0.894
1737185640,+2.92,+23.915, +1.243,+0.894
1737186240,+2.92,+23.898, +1.244,+0.894
1737186840,+2.92,+23.898, +1.492,+0.896
1737187440,+2.92,+23.890, +1.346,+0.895
1737188040,+2.92,+23.873, +1.687,+0.896
1737188640,+2.92,+23.864, +1.621,+0.896
1737189240,+2.92,+23.864, +1.690,+0.896
1737189840,+2.92,+23.797, +2.860,+0.898
1737190440,+2.92,+23.789, +2.892,+0.897
1737191040,+2.92,+23.781, +2.835,+0.898
1737191640,+2.92,+23.739, +2.868,+0.898
1737192240,+2.92,+23.739, +2.867,+0.897
1737192840,+2.92,+23.747, +2.763,+0.897
1737193440,+2.92,+23.705, +3.276,+0.897
1737194040,+2.92,+23.705, +3.224,+0.897
1737194640,+2.92,+23.714, +3.233,+0.897
1737195240,+2.92,+23.663, +3.561,+0.897
1737195840,+2.92,+23.672, +3.477,+0.897
1737196440,+2.92,+23.647, +3.432,+0.897
1737197040,+2.92,+23.655, +3.414,+0.897
1737197640,+2.92,+23.663, +3.423,+0.897
1737198240,+2.92,+23.630, +3.291,+0.896
1737198840,+2.92,+23.655, +3.237,+0.897
1737199440,+2.92,+23.638, +3.158,+0.897
1737200040,+2.92,+23.638, +3.256,+0.897
1737200640,+2.92,+23.622, +3.099,+0.897
1737201240,+2.92,+23.638, +3.059,+0.897
1737201840,+2.92,+23.647, +3.042,+0.897
1737202440,+2.92,+23.663, +2.807,+0.897
1737203040,+2.92,+23.689, +2.792,+0.898
1737203640,+2.92,+23.663, +2.715,+0.897
1737204240,+2.92,+23.655, +2.785,+0.897
1737204840,+2.92,+23.655, +2.692,+0.897
1737205440,+2.92,+23.672, +2.585,+0.897
1737206040,+2.92,+23.672, +2.596,+0.897
1737206640,+2.92,+23.689, +2.532,+0.897
1737207240,+2.92,+23.689, +2.415,+0.897
1737207840,+2.92,+23.689, +2.314,+0.897
1737208440,+2.92,+23.705, +2.413,+0.897
1737209040,+2.92,+23.722, +2.382,+0.897
1737209640,+2.92,+23.714, +2.254,+0.897
1737210240,+2.92,+23.772, +2.219,+0.897
1737210840,+2.92,+23.764, +2.414,+0.897
1737211440,+2.92,+23.789, +2.544,+0.897
1737212040,+2.92,+23.781, +2.540,+0.897
1737212640,+2.92,+23.831, +2.475,+0.897
1737213240,+2.92,+23.831, +2.518,+0.898
1737213840,+2.92,+23.831, +2.539,+0.897
1737214440,+2.92,+23.881, +2.483,+0.897
1737215040,+2.92,+23.898, +2.413,+0.897
1737215640,+2.92,+23.940, +2.341,+0.897
1737216240,+2.92,+23.957, +2.241,+0.897
1737216840,+2.91,+24.032, +2.515,+0.897
1737217440,+2.91,+24.015, +2.396,+0.897
1737218040,+2.91,+24.057, +2.787,+0.897
1737218640,+2.91,+24.074, +2.700,+0.898
1737219240,+2.91,+24.158, +2.764,+0.897
1737219840,+2.92,+24.443, +3.293,+0.896
