7450-988987
OS REV: 1.05 Sensor Cal: 1620327161
Time (sec),  BV (Volts),  T (deg C),  DO (mg/l),  Q ()
1736611440,+2.91,+30.127, +7.465,+0.894
1736612040,+2.91,+29.843, +7.434,+0.894
1736612640,+2.91,+29.378, +7.483,+0.894
1736613240,+2.91,+28.863, +7.530,+0.894
1736613840,+2.91,+28.410, +7.577,+0.894
1736614440,+2.91,+27.898, +7.644,+0.895
1736615040,+2.92,+24.796, +0.533,+0.888
1736615640,+2.91,+24.259, +0.411,+0.886
1736616240,+2.92,+24.141, +0.403,+0.885
1736616840,+2.92,+24.208, +0.480,+0.887
1736617440,+2.92,+24.535, +0.417,+0.886
1736618040,+2.92,+24.535, +0.510,+0.888
1736618640,+2.92,+24.561, +0.483,+0.887
1736619240,+2.92,+24.603, +0.500,+0.887
1736619840,+2.92,+24.703, +0.525,+0.888
1736620440,+2.92,+24.846, +0.429,+0.886
1736621040,+2.92,+24.821, +0.404,+0.885
1736621640,+2.92,+24.964, +0.418,+0.885
1736622240,+2.92,+25.023, +0.438,+0.886
1736622840,+2.92,+24.989, +0.440,+0.886
1736623440,+2.92,+24.972, +0.389,+0.885
1736624040,+2.92,+24.964, +0.384,+0.884
1736624640,+2.92,+24.947, +0.406,+0.885
1736625240,+2.92,+24.972, +0.406,+0.885
1736625840,+2.92,+24.955, +0.427,+0.886
1736626440,+2.92,+24.981, +0.432,+0.886
1736627040,+2.92,+24.947, +0.621,+0.890
1736627640,+2.92,+24.947, +0.553,+0.888
1736628240,+2.92,+24.930, +0.530,+0.888
1736628840,+2.92,+24.930, +0.518,+0.888
1736629440,+2.92,+24.880, +0.483,+0.887
1736630040,+2.92,+24.880, +0.563,+0.888
1736630640,+2.92,+24.863, +0.571,+0.889
1736631240,+2.92,+24.804, +0.532,+0.888
1736631840,+2.92,+24.796, +0.631,+0.890
1736632440,+2.92,+24.712, +0.883,+0.894
1736633040,+2.92,+24.695, +0.984,+0.895
1736633640,+2.92,+24.653, +0.990,+0.895
1736634240,+2.92,+24.603, +1.035,+0.895
1736634840,+2.92,+24.535, +0.869,+0.893
1736635440,+2.92,+24.519, +0.717,+0.891
1736636040,+2.92,+24.451, +1.028,+0.895
1736636640,+2.92,+24.426, +1.127,+0.896
1736637240,+2.92,+24.393, +1.153,+0.896
1736637840,+2.92,+24.368, +1.109,+0.896
1736638440,+2.92,+24.326, +1.105,+0.895
1736639040,+2.92,+24.284, +1.204,+0.896
1736639640,+2.92,+24.259, +1.238,+0.896
1736640240,+2.91,+24.233, +1.204,+0.896
1736640840,+2.91,+24.217, +1.237,+0.896
1736641440,+2.91,+24.175, +1.182,+0.896
1736642040,+2.91,+24.149, +1.146,+0.896
1736642640,+2.92,+24.133, +1.132,+0.896
1736643240,+2.92,+24.116, +1.067,+0.895
1736643840,+2.92,+24.091, +1.106,+0.895
1736644440,+2.92,+24.066, +1.145,+0.896
1736645040,+2.92,+24.040, +1.073,+0.895
1736645640,+2.92,+24.040, +1.077,+0.895
1736646240,+2.92,+24.024, +1.123,+0.895
1736646840,+2.92,+23.990, +1.115,+0.895
1736647440,+2.92,+23.973, +1.200,+0.896
1736648040,+2.92,+23.940, +1.209,+0.896
1736648640,+2.92,+23.923, +1.195,+0.896
1736649240,+2.92,+23.915, +1.185,+0.896
1736649840,+2.92,+23.864, +1.093,+0.895
1736650440,+2.92,+23.864, +1.033,+0.895
1736651040,+2.92,+23.814, +1.024,+0.894
1736651640,+2.92,+23.797, +0.947,+0.894
1736652240,+2.92,+23.806, +0.852,+0.892
1736652840,+2.92,+23.772, +0.826,+0.892
1736653440,+2.92,+23.756, +0.858,+0.893
1736654040,+2.92,+23.739, +0.820,+0.892
1736654640,+2.92,+23.739, +0.819,+0.892
1736655240,+2.92,+23.739, +0.792,+0.892
1736655840,+2.92,+23.689, +0.801,+0.892
1736656440,+2.92,+23.697, +0.786,+0.892
1736657040,+2.92,+23.680, +0.747,+0.891
1736657640,+2.92,+23.663, +0.715,+0.891
1736658240,+2.92,+23.663, +0.741,+0.891
1736658840,+2.92,+23.605, +0.713,+0.891
1736659440,+2.92,+23.613, +0.709,+0.890
1736660040,+2.92,+23.580, +0.668,+0.890
1736660640,+2.92,+23.563, +0.648,+0.889
1736661240,+2.92,+23.563, +0.633,+0.889
1736661840,+2.92,+23.529, +0.618,+0.889
1736662440,+2.92,+23.529, +0.578,+0.888
1736663040,+2.92,+23.521, +0.586,+0.888
1736663640,+2.92,+23.488, +0.573,+0.888
1736664240,+2.92,+23.462, +0.544,+0.887
1736664840,+2.92,+23.471, +0.529,+0.887
1736665440,+2.92,+23.446, +0.532,+0.887
1736666040,+2.92,+23.412, +0.523,+0.887
1736666640,+2.92,+23.387, +0.531,+0.887
1736667240,+2.92,+23.379, +0.517,+0.887
1736667840,+2.92,+23.345, +0.477,+0.886
1736668440,+2.92,+23.337, +0.533,+0.887
1736669040,+2.92,+23.328, +0.537,+0.887
1736669640,+2.92,+23.278, +0.543,+0.887
1736670240,+2.92,+23.261, +0.513,+0.887
1736670840,+2.92,+23.253, +0.500,+0.886
1736671440,+2.92,+23.236, +0.503,+0.887
1736672040,+2.92,+23.220, +0.520,+0.887
1736672640,+2.92,+23.195, +0.496,+0.886
1736673240,+2.92,+23.144, +0.498,+0.886
1736673840,+2.92,+23.153, +0.458,+0.886
1736674440,+2.92,+23.128, +0.464,+0.886
1736675040,+2.92,+23.086, +0.485,+0.886
1736675640,+2.92,+23.086, +0.502,+0.887
1736676240,+2.92,+23.077, +0.467,+0.886
1736676840,+2.92,+23.052, +0.482,+0.886
1736677440,+2.92,+23.027, +0.476,+0.886
1736678040,+2.92,+23.002, +0.469,+0.886
1736678640,+2.92,+22.985, +0.459,+0.886
1736679240,+2.92,+22.960, +0.464,+0.886
1736679840,+2.92,+22.944, +0.464,+0.886
1736680440,+2.92,+22.935, +0.470,+0.886
1736681040,+2.92,+22.927, +0.444,+0.885
1736681640,+2.92,+22.893, +0.456,+0.886
1736682240,+2.92,+22.885, +0.441,+0.886
1736682840,+2.92,+22.860, +0.419,+0.885
1736683440,+2.92,+22.860, +0.423,+0.885
1736684040,+2.92,+22.860, +0.430,+0.885
1736684640,+2.92,+22.868, +0.407,+0.884
1736685240,+2.92,+22.860, +0.406,+0.884
1736685840,+2.92,+22.868, +0.403,+0.884
1736686440,+2.92,+22.885, +0.396,+0.884
1736687040,+2.92,+22.868, +0.433,+0.885
1736687640,+2.92,+22.935, +0.406,+0.885
1736688240,+2.92,+22.952, +0.343,+0.883
1736688840,+2.92,+22.985, +0.302,+0.882
1736689440,+2.92,+23.010, +0.289,+0.882
1736690040,+2.92,+23.044, +0.207,+0.880
1736690640,+2.92,+23.069, +0.199,+0.880
1736691240,+2.92,+23.086, +0.223,+0.880
1736691840,+2.92,+23.144, +0.215,+0.880
1736692440,+2.92,+23.186, +0.243,+0.881
1736693040,+2.92,+23.220, +0.225,+0.880
1736693640,+2.92,+23.261, +0.214,+0.880
1736694240,+2.92,+23.328, +0.187,+0.879
1736694840,+2.92,+23.387, +0.143,+0.878
1736695440,+2.92,+23.454, +0.167,+0.879
1736696040,+2.92,+23.580, +0.223,+0.880
1736696640,+2.92,+23.596, +0.228,+0.881
1736697240,+2.92,+23.622, +0.195,+0.880
1736697840,+2.92,+23.705, +0.166,+0.879
